Starting Dynare (version 5.4).
Calling Dynare with arguments: none
Starting preprocessing of the model file ...
Found 16 equation(s).
Evaluating expressions...done
Computing static model derivatives (order 1).
Computing dynamic model derivatives (order 1).
Processing outputs ...
done
Preprocessing completed.


STEADY-STATE RESULTS:

xtil  		 0
y     		 0
pitil 		 0
pi    		 0
r     		 0
i     		 0
u     		 0
gamma 		 0
delta 		 0
xe    		 0
ye    		 0
re    		 0
ie    		 0
gya   		 2.2555
pia   		 2.2251
iras  		 3.8629

EIGENVALUES:
         Modulus             Real        Imaginary

          0.2108           0.2108                0
          0.4819           0.4819                0
          0.7158           0.7158                0
          0.7232           0.7232                0
           0.766           0.7618          0.07964
           0.766           0.7618         -0.07964
          0.9665           0.9665                0
           1.015            1.015                0
           1.112            1.112                0
           1.227            1.227                0
           1.411            1.411                0
             Inf              Inf                0
             Inf              Inf                0
             Inf              Inf                0


There are 7 eigenvalue(s) larger than 1 in modulus 
for 7 forward-looking variable(s)

The rank condition is verified.


MODEL SUMMARY

  Number of variables:         16
  Number of stochastic shocks: 4
  Number of state variables:   7
  Number of jumpers:           7
  Number of static variables:  6


MATRIX OF COVARIANCE OF EXOGENOUS SHOCKS
Variables          ei        eu    edelta    egamma
ei           1.000000  0.000000  0.000000  0.000000
eu           0.000000  1.000000  0.000000  0.000000
edelta       0.000000  0.000000  1.000000  0.000000
egamma       0.000000  0.000000  0.000000  1.000000

POLICY AND TRANSITION FUNCTIONS
                                xtil               y           pitil              pi               r               i               u           gamma           delta              xe              ye              re              ie             gya             pia            iras
Constant                           0               0               0               0               0               0               0               0               0               0               0               0               0        2.255500        2.225100        3.862900
y(-1)                      -0.014549        0.740558        0.000120        0.000120        0.019228        0.019250               0               0               0        0.740558               0               0        0.000022     -103.776857        0.047960        7.699853
i(-1)                      -0.149109       -0.350592       -0.006455       -0.006455        0.794122        0.785914               0               0               0       -0.350592               0               0       -0.008208     -140.236835       -2.582067      314.365516
u(-1)                      -0.016334       -0.066067        0.264826        0.264826       -0.106385        0.075813        0.210800               0               0       -0.066067               0               0        0.182198      -26.426622      105.930335       30.325264
pi(-1)                     -0.028442       -0.099635       -0.002229        0.479071       -0.090946        0.137662               0               0               0       -0.099635               0               0        0.228608      -39.853990      191.628276       55.064807
gamma(-1)                   0.070891       -0.182105        0.001344        0.001344        0.002147        0.003495               0        0.723200               0        0.119536       -0.301641        0.647970        0.649317      216.438072        0.537635        1.397987
delta(-1)                   0.401759        1.849891        0.090484        0.090484       -0.068050        0.062898               0               0        0.966500        1.403270        0.446622        0.646590        0.777538      739.956563       36.193424       25.159271
ye(-1)                      0.042188        0.031927        0.000742        0.000742       -0.018532       -0.017528               0               0               0       -0.683919        0.715845        0.191918        0.192922       12.770782        0.296909       -7.011067
ei                         -0.000159       -0.000374       -0.000007       -0.000007        0.000847        0.000838               0               0               0       -0.000374               0               0       -0.000009       -0.149581       -0.002754        0.335313
eu                         -0.000082       -0.000333        0.001334        0.001334       -0.000536        0.000382        0.001062               0               0       -0.000333               0               0        0.000918       -0.133167        0.533797        0.152813
edelta                      0.001061        0.004885        0.000239        0.000239       -0.000180        0.000166               0               0        0.002552        0.003706        0.001179        0.001707        0.002053        1.954014        0.095576        0.066438
egamma                      0.000450       -0.001156        0.000009        0.000009        0.000014        0.000022               0        0.004591               0        0.000759       -0.001915        0.004114        0.004122        1.374062        0.003413        0.008875


THEORETICAL MOMENTS
VARIABLE         MEAN  STD. DEV.   VARIANCE
xtil           0.0000     0.0030     0.0000
y              0.0000     0.0615     0.0038
pitil          0.0000     0.0016     0.0000
pi             0.0000     0.0024     0.0000
r              0.0000     0.0066     0.0000
i              0.0000     0.0081     0.0001
u              0.0000     0.0011     0.0000
gamma          0.0000     0.0066     0.0000
delta          0.0000     0.0099     0.0001
xe             0.0000     0.0459     0.0021
ye             0.0000     0.0170     0.0003
re             0.0000     0.0108     0.0001
ie             0.0000     0.0124     0.0002
gya            2.2555     3.5591    12.6671
pia            2.2251     0.9658     0.9327
iras           3.8629     3.2375    10.4811



VARIANCE DECOMPOSITION (in percent)
             ei      eu  edelta  egamma
xtil       0.64    0.55   95.46    3.35
y          0.07    0.12   99.06    0.75
pitil      0.00   69.64   30.35    0.00
pi         0.01   50.56   49.44    0.00
r          4.00    2.08   93.84    0.08
i          2.58    2.23   95.14    0.05
u          0.00  100.00    0.00    0.00
gamma      0.00    0.00    0.00  100.00
delta      0.00    0.00  100.00    0.00
xe         0.13    0.21   99.48    0.18
ye         0.00    0.00   82.73   17.27
re         0.00    0.00   76.36   23.64
ie         0.00    0.76   81.05   18.19
gya        0.28    0.31   59.38   40.03
pia        0.01   50.56   49.44    0.00
iras       2.58    2.23   95.14    0.05

CONDITIONAL VARIANCE DECOMPOSITION (in percent)
Period 140:
             ei      eu  edelta  egamma
xtil       0.64    0.55   95.46    3.35
y          0.07    0.12   99.06    0.75
pitil      0.00   69.64   30.35    0.00
pi         0.01   50.56   49.43    0.00
r          4.00    2.08   93.84    0.08
i          2.58    2.23   95.14    0.05
u          0.00  100.00    0.00    0.00
gamma      0.00    0.00    0.00  100.00
delta      0.00    0.00  100.00    0.00
xe         0.13    0.21   99.48    0.18
ye         0.00    0.00   82.73   17.27
re         0.00    0.00   76.36   23.64
ie         0.00    0.76   81.05   18.19
gya        0.28    0.31   59.38   40.03
pia        0.01   50.56   49.43    0.00
iras       2.58    2.23   95.14    0.05



MATRIX OF CORRELATIONS
Variables       xtil        y    pitil       pi        r        i        u    gamma    delta       xe       ye       re       ie      gya      pia     iras
xtil          1.0000   0.8711   0.4991   0.6104   0.6709   0.7352  -0.0365   0.1703   0.9532   0.8901   0.7488   0.8955   0.9076   0.4709   0.6104   0.7352
y             0.8711   1.0000   0.5238   0.6825   0.9016   0.9345  -0.0079  -0.0643   0.9667   0.9921   0.9402   0.8374   0.8644  -0.0028   0.6825   0.9345
pitil         0.4991   0.5238   1.0000   0.9060   0.3894   0.5350   0.8345   0.0051   0.5508   0.5237   0.4812   0.4801   0.5628   0.0982   0.9060   0.5350
pi            0.6104   0.6825   0.9060   1.0000   0.5906   0.7202   0.6286   0.0053   0.6971   0.6812   0.6305   0.6159   0.6958   0.0644   1.0000   0.7202
r             0.6709   0.9016   0.3894   0.5906   1.0000   0.9839  -0.0748   0.0166   0.8345   0.9004   0.8313   0.7757   0.7903  -0.1480   0.5906   0.9839
i             0.7352   0.9345   0.5350   0.7202   0.9839   1.0000   0.0641   0.0147   0.8863   0.9337   0.8607   0.8128   0.8418  -0.0869   0.7202   1.0000
u            -0.0365  -0.0079   0.8345   0.6286  -0.0748   0.0641   1.0000   0.0000   0.0000  -0.0106   0.0000   0.0000   0.0816  -0.0432   0.6286   0.0641
gamma         0.1703  -0.0643   0.0051   0.0053   0.0166   0.0147   0.0000   1.0000   0.0000   0.0390  -0.3391   0.4756   0.4171   0.6240   0.0053   0.0147
delta         0.9532   0.9667   0.5508   0.6971   0.8345   0.8863   0.0000   0.0000   1.0000   0.9698   0.8796   0.8685   0.8957   0.2238   0.6971   0.8863
xe            0.8901   0.9921   0.5237   0.6812   0.9004   0.9337  -0.0106   0.0390   0.9698   1.0000   0.8899   0.8818   0.9032   0.0737   0.6812   0.9337
ye            0.7488   0.9402   0.4812   0.6305   0.8313   0.8607   0.0000  -0.3391   0.8796   0.8899   1.0000   0.6493   0.6888  -0.2098   0.6305   0.8607
re            0.8955   0.8374   0.4801   0.6159   0.7757   0.8128   0.0000   0.4756   0.8685   0.8818   0.6493   1.0000   0.9940   0.4095   0.6159   0.8128
ie            0.9076   0.8644   0.5628   0.6958   0.7903   0.8418   0.0816   0.4171   0.8957   0.9032   0.6888   0.9940   1.0000   0.3803   0.6958   0.8418
gya           0.4709  -0.0028   0.0982   0.0644  -0.1480  -0.0869  -0.0432   0.6240   0.2238   0.0737  -0.2098   0.4095   0.3803   1.0000   0.0644  -0.0869
pia           0.6104   0.6825   0.9060   1.0000   0.5906   0.7202   0.6286   0.0053   0.6971   0.6812   0.6305   0.6159   0.6958   0.0644   1.0000   0.7202
iras          0.7352   0.9345   0.5350   0.7202   0.9839   1.0000   0.0641   0.0147   0.8863   0.9337   0.8607   0.8128   0.8418  -0.0869   0.7202   1.0000



COEFFICIENTS OF AUTOCORRELATION
Order          1       2       3       4       5
xtil      0.9163  0.8444  0.7828  0.7302  0.6850
y         0.9935  0.9779  0.9563  0.9309  0.9034
pitil     0.4362  0.3097  0.2756  0.2613  0.2514
pi        0.8036  0.6411  0.5423  0.4843  0.4483
r         0.9785  0.9567  0.9345  0.9116  0.8881
i         0.9898  0.9745  0.9559  0.9349  0.9123
u         0.2108  0.0444  0.0094  0.0020  0.0004
gamma     0.7232  0.5230  0.3782  0.2735  0.1978
delta     0.9665  0.9341  0.9028  0.8726  0.8434
xe        0.9932  0.9772  0.9549  0.9288  0.9005
ye        0.9864  0.9578  0.9219  0.8832  0.8443
re        0.8986  0.8251  0.7701  0.7275  0.6931
ie        0.9140  0.8499  0.8004  0.7608  0.7277
gya       0.7337  0.5315  0.3794  0.2658  0.1815
pia       0.8036  0.6411  0.5423  0.4843  0.4483
iras      0.9898  0.9745  0.9559  0.9349  0.9123
Total computing time : 0h00m00s
